0 158047
1 18721
2 41863
3 9029
4 10759
5 17037
6 11303
7 20998
8 43215
9 12842
10 28043
11 9484
12 10646
13 32211
14 15766
15 13980
16 15918
17 7552
18 17012
19 8900
20 35014
21 16228
22 15982
23 9689
24 17961
25 18013
26 14545
27 13090
28 17168
29 16177
30 17251
31 13531
32 16522
33 23989
34 14437
35 12119
36 13306
37 26590
38 11709
39 8756
40 27099
41 66154
42 19648
43 13570
44 24781
45 12959
46 11888
47 15788
48 19606
49 15059
50 20086
51 12004
52 20206
53 29256
54 24281
55 11252
56 8548
57 11066
58 14463
59 86538
60 17332
61 18658
62 12572
63 17262
64 11583
65 25856
66 9422
67 25166
68 13575
69 13154
70 16868
71 10379
72 18915
73 18765
74 15299
75 13369
76 10924
77 191279
78 55807
79 121455
80 12705
81 12562
82 11925
83 10539
84 16420
85 7340
86 11692
87 17703
88 8532
89 12224
90 13313
91 10125
92 11151
93 17104
94 14916
95 14478
96 13244
97 9679
98 9449
99 44974
100 10340
101 9611
102 8697
103 8252
104 20688
105 11561
106 9202
107 8549
108 11084
109 29782
110 58395
111 17905
112 9495
113 10036
114 39842
115 25221
116 21967
117 9718
118 8715
119 19642
120 11507
121 21489
122 12783
123 9962
124 18799
125 17567
126 11502
127 8683
128 13172
129 11262
130 10532
131 6935
132 27070
133 18342
134 7787
135 13425
136 7034
137 14115
138 16688
139 8574
140 7629
141 14108
142 8050
143 20720
144 10895
145 8937
146 7812
147 11006
148 15445
149 10653
150 16418
151 14429
152 11337
153 18588
154 22538
155 11845
156 8963
157 20571
158 13813
159 12345
160 7848
161 35006
162 11708
163 8561
164 11045
165 32321
166 7710
167 14495
168 16327
169 25963
170 126804
171 19797
172 118439
173 13260
174 15419
175 11554
176 13307
177 19671
178 18881
179 8925
180 10318
181 43063
182 17835
183 30041
184 18947
185 11333
186 10158
187 15584
188 24760
189 17208
190 9824
191 9525
192 57909
193 39890
194 26464
195 13533
196 16909
197 14219
198 13866
199 13419
200 16436
201 12135
202 10930
203 28487
204 14492
205 26692
206 15944
207 19435
208 14537
209 11337
210 13390
211 14310
212 13676
213 14892
214 18542
215 18279
216 12119
217 14391
218 14792
219 12725
220 13072
221 11669
222 15330
223 10411
224 21937
225 17800
226 20208
227 8224
228 17386
229 12636
230 27123
231 13329
232 11399
233 11845
234 19489
235 16989
236 29084
237 11583
238 12343
239 37235
240 24106
241 16344
242 10690
243 18059
244 23223
245 12258
246 66081
247 13277
248 33805
249 21062
250 12973
251 12004
252 10940
253 11962
254 11860
255 14794
256 11637
257 15188
258 13486
259 10023
260 15445
261 11947
262 12210
263 13744
264 14432
265 22623
266 27409
267 22163
268 39494
269 13508
270 10675
271 16667
272 16297
273 14223
274 20547
275 17676
276 13347
277 14198
278 24795
279 23005
280 20787
281 11017
282 23145
283 27194
284 13085
285 14016
286 17714
287 12869
288 17002
289 22357
290 14218
291 14993
292 7618
293 8326
294 13947
295 11469
296 11149
297 9562
298 8296
299 8806
300 14577
301 11368
302 13205
303 13676
304 11365
305 14233
306 16554
307 15095
308 13731
309 10391
310 16342
311 8737
312 11318
313 10439
314 32159
315 9179
316 12656
317 10517
318 8294
319 6932
320 10329
321 7956
322 7072
323 10913
324 13530
325 12958
326 17402
327 9049
328 16455
329 9203
330 25891
331 15155
332 15201
333 13246
334 14571
335 10538
336 10127
337 9227
338 9154
339 12752
340 21923
341 8647
342 9750
343 14417
344 8509
345 7814
346 21632
347 11000
348 22471
349 52902
350 15228
351 29824
352 9630
353 12857
354 36776
355 66635
356 23551
357 12248
358 12263
359 14192
360 9584
361 11340
362 14303
363 12820
364 14767
365 7846
366 16550
367 7794
368 48013
369 33463
370 33581
371 11327
372 8839
373 10631
374 13757
375 9797
376 16302
377 11318
378 21925
379 12238
380 10974
381 21602
382 18772
383 9184
384 17869
385 17554
386 17439
387 18575
388 15232
389 17091
390 14147
391 20826
392 15799
393 12183
394 15855
395 14983
396 12137
397 23676
398 12894
399 12856
400 14430
401 14399
402 19195
403 26903
404 15689
405 18942
406 17641
407 21211
408 10673
409 13050
410 19714
411 14986
412 11749
413 12558
414 24128
415 12284
416 13096
417 10084
418 18280
419 12616
420 40645
421 24922
422 47294
423 23414
424 32261
425 14406
426 14478
427 12771
428 12446
429 26014
430 10198
431 10893
432 10060
433 12852
434 12740
435 19568
436 10410
437 10584
438 10454
439 11925
440 8872
441 12857
442 10307
443 12357
444 9707
445 10359
446 12656
447 17931
448 65886
449 16302
450 12099
451 34677
452 13480
453 11547
454 12699
455 10535
456 10838
457 9736
458 10528
459 10180
460 10973
461 10877
462 11526
463 25727
464 14825
465 6922
466 13365
467 9939
468 12732
469 36750
470 9041
471 14840
472 15399
473 16862
474 11939
475 10142
476 19545
477 9853
478 11191
479 18573
480 19575
481 17122
482 16167
483 19312
484 13613
485 10792
486 11278
487 13333
488 11054
489 17063
490 13778
491 33824
492 10112
493 34902
494 11133
495 12800
496 11076
497 9402
498 14387
499 14903
500 13727
501 16897
502 18834
503 11232
504 12523
505 17623
506 13315
507 12203
508 11731
509 12987
510 14366
511 14427
512 17069
513 24953
514 17301
515 30390
516 16349
517 13921
518 22640
519 11446
520 11224
521 12834
522 19491
523 40257
524 15954
525 103665
526 13417
527 12280
528 16227
529 11316
530 20838
531 9952
532 7977
533 11291
534 10978
535 17156
536 21752
537 20534
538 11480
539 11083
540 11187
541 12076
542 14863
543 14417
544 66742
545 11862
546 9980
547 13742
548 15222
549 12930
550 16066
551 22778
552 25955
553 15432
554 12741
555 10508
556 14299
557 16574
558 13006
559 16843
560 16181
561 25894
562 12414
563 20142
564 17490
565 15416
566 8016
567 24747
568 11768
569 10678
570 16184
571 17833
572 13082
573 11118
574 11645
575 19461
576 13888
577 16987
578 9332
579 7774
580 10747
581 13881
582 10767
583 9494
584 66946
585 10814
586 13233
587 14612
588 18298
589 29261
590 18650
591 15683
592 13177
593 14267
594 7141
595 6780
596 6609
597 11425
598 9634
599 13254
600 14311
601 13107
602 18562
603 9046
604 8856
605 14305
606 13036
607 9608
608 15868
609 12956
610 9158
611 17495
612 10681
613 12741
614 11855
615 14250
616 21233
617 8674
618 8597
619 10264
620 9293
621 20134
622 18566
623 7957
624 18011
625 9477
626 9996
627 11045
628 12159
629 16936
630 10916
631 9218
632 9928
633 11409
634 21725
635 14854
636 15282
637 17232
638 13650
639 19940
640 9686
641 19714
642 12985
643 16109
644 13247
645 15666
646 19280
647 10767
648 16833
649 12522
650 12829
651 13544
652 17608
653 15214
654 11481
655 14529
656 16403
657 13449
658 9628
659 13596
660 10131
661 15005
662 20492
663 11767
664 24431
665 32484
666 22109
667 15408
668 15672
669 13480
670 24795
671 23611
672 17337
673 79308
674 19896
675 11256
676 18345
677 19628
678 14695
679 16066
680 8858
681 18581
682 18132
683 10583
684 16732
685 22670
686 12204
687 14505
688 14137
689 11278
690 25920
691 11194
692 11906
693 13415
694 11527
695 14831
696 17925
697 15542
698 14751
699 13021
700 10689
701 17532
702 12819
703 66771
704 12450
705 12288
706 21415
707 13172
708 17370
709 16875
710 14164
711 21525
712 14999
713 13657
714 12673
715 29410
716 14025
717 81005
718 26913
719 14894
720 13942
721 13094
722 83255
723 14676
724 16354
725 15560
726 16695
727 13620
728 12783
729 11329
730 122298
731 13393
732 12905
733 14167
734 25493
735 28917
736 25127
737 29275
738 49917
739 35218
740 7400
741 22607
742 12221
743 18693
744 18415
745 10355
746 15255
747 15894
748 9789
749 19147
750 9849
751 14799
752 28881
753 20800
754 15099
755 13132
756 10059
757 12280
758 10058
759 15106
760 12980
761 14987
762 14932
763 8126
764 7701
765 8571
766 11242
767 10496
768 13455
769 11888
770 17855
771 12386
772 19559
773 10292
774 18310
775 23468
776 15309
777 10397
778 9973
779 14351
780 10543
781 10254
782 11133
783 11711
784 14772
785 22365
786 13579
787 9757
788 8120
789 9306
790 24809
791 9126
792 9573
793 22771
794 9544
795 19541
796 9711
797 12325
798 102998
799 19038
800 19170
801 14914
802 12896
803 88109
804 22945
805 19873
806 22884
807 9798
808 9540
809 8827
810 19347
811 101913
812 94939
813 78537
814 15503
815 14533
816 17850
817 19726
818 8831
819 9457
820 14695
821 15762
822 8273
823 19108
824 8590
825 36932
826 33975
827 9827
828 15051
829 8975
830 12005
831 11459
832 15770
833 10240
834 36246
835 12037
836 9216
837 22890
838 15320
839 12868
840 8516
841 11225
842 12976
843 10503
844 9879
845 44047
846 13586
847 17788
848 11769
849 9207
850 16669
851 11568
852 25054
853 10308
854 17778
855 10875
856 14555
857 15004
858 17057
859 28915
860 82809
861 98042
862 109517
863 76255
864 12166
865 11706
866 12518
867 93090
868 25566
869 11478
870 20497
871 18283
872 25493
873 17966
874 17555
875 17925
876 14736
877 19116
878 24742
879 20407
880 11123
881 28673
882 13660
883 12905
884 12068
885 12473
886 19647
887 13044
888 12287
889 12499
890 9635
891 22200
892 16321
893 15892
894 28035
895 13844
896 13630
897 21484
898 15502
899 24791
900 17330
901 16420
902 18637
903 18254
904 16301
905 14821
906 9270
907 10044
908 8862
909 9138
910 11210
911 37349
912 41235
913 31304
914 13174
915 17557
916 13281
917 13064
918 12431
919 24771
920 15454
921 13676
922 52326
923 17426
924 15405
925 28978
926 13674
927 15230
928 12532
929 14329
930 16496
931 12783
932 13380
933 12300
934 19140
935 14381
936 32732
937 9816
938 21872
939 13883
940 20362
941 22213
942 25291
943 18746
944 34977
945 16308
946 16909
947 19764
948 15759
949 17273
950 9854
951 15622
952 12691
953 14269
954 50283
955 14899
956 13213
957 30925
958 12669
959 17626
960 10927
961 19447
962 10577
963 13474
964 58316
965 9012
966 13416
967 20665
968 8999
969 10040
970 9547
971 14865
972 54811
973 10676
974 10773
975 20790
976 8778
977 12841
978 113858
979 20261
980 11816
981 13423
982 9977
983 88668
984 18357
985 10533
986 19545
987 8892
988 28555
989 12062
990 37299
991 8881
992 16656
993 21969
994 16475
995 20326
996 14444
997 21672
998 15429
999 10030
1000 13679
1001 15339
1002 22599
1003 45549
1004 12281
1005 20975
1006 79516
1007 62032
1008 17238
1009 13003
1010 51827
1011 12976
1012 10591
1013 14825
1014 21994
1015 12680
1016 10375
1017 15736
1018 13082
1019 17718
1020 10685
1021 54430
1022 8158
1023 12061
1024 19653
1025 7989
1026 10304
1027 18177
1028 10583
1029 16124
1030 12362
1031 7844
1032 11510
1033 10322
1034 10185
1035 15272
1036 10831
1037 45921
1038 13411
1039 10272
1040 16243
1041 15864
1042 11849
1043 9694
1044 17519
1045 14932
1046 11585
1047 11618
1048 19601
1049 29231
1050 13429
1051 13294
1052 10517
1053 17279
1054 16677
1055 10403
1056 13185
1057 19054
1058 23753
1059 20056
1060 13856
1061 21328
1062 19230
1063 19042
1064 7680
1065 14304
1066 29814
1067 9667
1068 35385
1069 14526
1070 15308
1071 21324
1072 14524
1073 11435
1074 12798
1075 11314
1076 16586
1077 16658
1078 12381
1079 14725
1080 13662
1081 26776
1082 10789
1083 23352
1084 38123
1085 16504
1086 16683
1087 14790
1088 12189
1089 19650
1090 14281
1091 11426
1092 10933
1093 16435
1094 12112
1095 13510
1096 15852
1097 9859
1098 20037
1099 39840
1100 25764
1101 21164
1102 12209
1103 13543
1104 19180
1105 18395
1106 12617
1107 13942
1108 20636
1109 11099
1110 14993
1111 9484
1112 9195
1113 14469
1114 9538
1115 7619
1116 15444
1117 13169
1118 9340
1119 12698
1120 42429
1121 8136
1122 14897
1123 9285
1124 8216
1125 7842
1126 12104
1127 15742
1128 22980
1129 12449
1130 10094
1131 14492
1132 9678
1133 20664
1134 10124
1135 12376
1136 11873
1137 7997
1138 8986
1139 15374
1140 12227
1141 12701
1142 10611
1143 11850
1144 13448
1145 36661
1146 7815
1147 10168
1148 7676
1149 11821
1150 8572
1151 9728
1152 13128
1153 11904
1154 12170
1155 12163
1156 13201
1157 7856
1158 7425
1159 13272
1160 8665
1161 19784
1162 19950
1163 10926
1164 12146
1165 6935
1166 12149
1167 11314
1168 10641
1169 10766
1170 35595
1171 14500
1172 15166
1173 21973
1174 16954
1175 30159
1176 19908
1177 14029
1178 9461
1179 20942
1180 15309
1181 16740
1182 12709
1183 10058
1184 42810
1185 12006
1186 16114
1187 14353
1188 11436
1189 17834
1190 10787
1191 28272
1192 14501
1193 18342
1194 12567
1195 22620
1196 20377
1197 57695
1198 33230
1199 13075
1200 17724
1201 14908
1202 12488
1203 12982
1204 10594
1205 14919
1206 20597
1207 20183
1208 12286
1209 11069
1210 16501
1211 12466
1212 11557
1213 11587
1214 9366
1215 11645
1216 34894
1217 46507
1218 20833
1219 12911
1220 14392
1221 10860
1222 37651
1223 14023
1224 17698
1225 11064
1226 14994
1227 9872
1228 26133
1229 18839
1230 14375
1231 66962
1232 20214
1233 14462
1234 13755
1235 11101
1236 13339
1237 10474
1238 48801
1239 21832
1240 13837
1241 13749
1242 13261
1243 42236
1244 18331
1245 20878
1246 18859
1247 12332
1248 10206
1249 14150
1250 17303
1251 19436
1252 14587
1253 12769
1254 43715
1255 9715
1256 15272
1257 12152
1258 23480
1259 16518
1260 45114
1261 94742
1262 11581
1263 47378
1264 54053
1265 13472
1266 15862
1267 15002
1268 12762
1269 10122
1270 15880
1271 10762
1272 9903
1273 10055
1274 10171
1275 14511
1276 14281
1277 14506
1278 14488
1279 10975
1280 9207
1281 15911
1282 13681
1283 19708
1284 11578
1285 10292
1286 15085
1287 31400
1288 18782
1289 13662
1290 9952
1291 17476
1292 11322
1293 15245
1294 11241
1295 14173
1296 11036
1297 10297
1298 59725
1299 12009
1300 10757
1301 12950
1302 8342
1303 17924
1304 16975
1305 7649
1306 9656
1307 8561
1308 11327
1309 44383
1310 12649
1311 19307
1312 17666
1313 11354
1314 9584
1315 10669
1316 15632
1317 8573
1318 10595
1319 12325
1320 74889
1321 9258
1322 14300
1323 8137
1324 10708
1325 12600
1326 14303
1327 13962
1328 15285
1329 10911
1330 20439
1331 47138
1332 10310
1333 27174
1334 61675
1335 31767
1336 14659
1337 12009
1338 17021
1339 23776
1340 53279
1341 92271
1342 39996
1343 16132
1344 51016
1345 45138
1346 12847
1347 16788
1348 16842
1349 19815
1350 13565
1351 16007
1352 21132
1353 13092
1354 13412
1355 10266
1356 14836
1357 13456
1358 14484
1359 21694
1360 13104
1361 10595
1362 14770
1363 21371
1364 12128
1365 24085
1366 10037
1367 15917
1368 30977
1369 17882
1370 18390
1371 19240
1372 12584
1373 28431
1374 22498
1375 33668
1376 16249
1377 16841
1378 25131
1379 57957
1380 11679
1381 12981
1382 24344
1383 11033
1384 18563
1385 13975
1386 22805
1387 12008
1388 19910
1389 12201
1390 41030
1391 13777
1392 11934
1393 9411
1394 16211
1395 10817
1396 11653
1397 12880
1398 9992
1399 21197
1400 11802
1401 69427
1402 10269
1403 46641
1404 8977
1405 13460
1406 12722
1407 28484
1408 14153
1409 15117
1410 9849
1411 23787
1412 15135
1413 34497
1414 11700
1415 13936
1416 27292
1417 11747
1418 12701
1419 20556
1420 25169
1421 12900
1422 17318
1423 16234
1424 14810
1425 18185
1426 10022
1427 9993
1428 17288
1429 14423
1430 13436
1431 24659
1432 16946
1433 16606
1434 19771
1435 16226
1436 27989
1437 12246
1438 16163
1439 59794
1440 13809
1441 177282
1442 12917
1443 17816
1444 17336
1445 15321
1446 16782
1447 14022
1448 14520
1449 11416
1450 13161
1451 16884
1452 37084
1453 12564
1454 11362
1455 7561
1456 9480
1457 9474
1458 10877
1459 12430
1460 7927
1461 8915
1462 21192
1463 14968
1464 14337
1465 12359
1466 12398
1467 19397
1468 11315
1469 8144
1470 8489
1471 15277
1472 11050
1473 45797
1474 9934
1475 10749
1476 8879
1477 8944
1478 11876
1479 11788
1480 10539
1481 7610
1482 12089
1483 11519
1484 17484
1485 18527
1486 38324
1487 18318
1488 37089
1489 9988
1490 17891
1491 25396
1492 51556
1493 13442
1494 9883
1495 10202
1496 10095
1497 13597
1498 9177
1499 19681
1500 15601
1501 8863
1502 13753
1503 12693
1504 9449
1505 15348
1506 12455
1507 9055
1508 15657
1509 152566
1510 11651
1511 15817
1512 13517
1513 15172
1514 21124
1515 45840
1516 32102
1517 19705
1518 31315
1519 15447
1520 47615
1521 31228
1522 20391
1523 31486
1524 10006
1525 159082
1526 16955
1527 17794
1528 16305
1529 10767
1530 21970
1531 17856
1532 10813
1533 11421
1534 15028
1535 19907
1536 27794
1537 13678
1538 21689
1539 9801
1540 14689
1541 9663
1542 14518
1543 18963
1544 12037
1545 18453
1546 10254
1547 15270
1548 19310
1549 13166
1550 47035
1551 12678
1552 15480
1553 23913
1554 10579
1555 13708
1556 14135
1557 15858
1558 18354
1559 17113
1560 11781
1561 37585
1562 17034
1563 24335
1564 14646
1565 14688
1566 13177
1567 8564
1568 14017
1569 8880
1570 14755
1571 10095
1572 8747
1573 14398
1574 17417
1575 7418
1576 25860
1577 9808
1578 11897
1579 10975
1580 14887
1581 11781
1582 51599
1583 10499
1584 14616
1585 9712
1586 20719
1587 17152
1588 8356
1589 14320
1590 11715
1591 7221
1592 8316
1593 8369
1594 18620
1595 15792
1596 41272
1597 12120
1598 15113
1599 22687
1600 8020
1601 7869
1602 34015
1603 13021
1604 11559
1605 11978
1606 13446
1607 12572
1608 19145
1609 15697
1610 24510
1611 12332
1612 37735
1613 13429
1614 17899
1615 25830
1616 9018
1617 16665
1618 15431
1619 15273
1620 9281
1621 49417
1622 8986
1623 11603
1624 19538
1625 11279
1626 10546
1627 19673
1628 15070
1629 11055
1630 17282
1631 20428
1632 15291
1633 11679
1634 11911
1635 11934
1636 14780
1637 14536
1638 13238
1639 17994
1640 16816
1641 24844
1642 22424
1643 10480
1644 14381
1645 17468
1646 36725
1647 15031
1648 15002
1649 43867
1650 17630
1651 23670
1652 19640
1653 14395
1654 14700
1655 17501
1656 12792
1657 23641
1658 15057
1659 30139
1660 15062
1661 12023
1662 20521
1663 14661
1664 10617
1665 9338
1666 26087
1667 9601
1668 11418
1669 8917
1670 11915
1671 16263
1672 13551
1673 17124
1674 13227
1675 29640
1676 15823
1677 10393
1678 9977
1679 9249
1680 8477
1681 15510
1682 17195
1683 22233
1684 30014
1685 51460
1686 10855
1687 11461
1688 11980
1689 16323
1690 10473
1691 11843
1692 13159
1693 14933
1694 13432
1695 9422
1696 15266
1697 8264
1698 11006
1699 19144
1700 8798
1701 9394
1702 18230
1703 45569
1704 8768
1705 35359
1706 11990
1707 31982
1708 13329
1709 16165
1710 12586
1711 15212
1712 10606
1713 36507
1714 20809
1715 19388
1716 14526
1717 19005
1718 14586
1719 18622
1720 12974
1721 19894
1722 21243
1723 16462
1724 18614
1725 15764
1726 12526
1727 13002
1728 34930
1729 13067
1730 41175
1731 13682
1732 12519
1733 19818
1734 41459
1735 27714
1736 17405
1737 13528
1738 13107
1739 23725
1740 11476
1741 17391
1742 32855
1743 21687
1744 47481
1745 33446
1746 17039
1747 13458
1748 17424
1749 14828
1750 15134
1751 18851
1752 10302
1753 10015
1754 28026
1755 9327
1756 15277
1757 17473
1758 9396
1759 16789
1760 11713
1761 9894
1762 10283
1763 17367
1764 15469
1765 13491
1766 20552
1767 9851
1768 15956
1769 10824
1770 11597
1771 17651
1772 16009
1773 9496
1774 15459
1775 11395
1776 9244
1777 19379
1778 13968
1779 17847
1780 10463
1781 14358
1782 16054
1783 11805
1784 12255
1785 31087
1786 12995
1787 20252
1788 28547
1789 26554
1790 17077
1791 30046
1792 10526
1793 11312
1794 19393
1795 12935
1796 10408
1797 11055
1798 19854
1799 12189
1800 17020
1801 26945
1802 18761
1803 19612
1804 10503
1805 11572
1806 42156
1807 29572
1808 11935
1809 19782
1810 14554
1811 10123
1812 15682
1813 14459
1814 12858
1815 15002
1816 13567
1817 16881
1818 15835
1819 17762
1820 12730
1821 14063
1822 10325
1823 19929
1824 17510
1825 12159
1826 10441
1827 20772
1828 17544
1829 18812
1830 17479
1831 10767
1832 25647
1833 12710
1834 16450
1835 13411
1836 16945
1837 14145
1838 16228
1839 30211
1840 27618
1841 15477
1842 30575
1843 11850
1844 28419
1845 11391
1846 18161
1847 8999
1848 11776
1849 19884
1850 36314
1851 22349
1852 18172
1853 38880
1854 27544
1855 11731
1856 13894
1857 19947
1858 13074
1859 15330
1860 11624
1861 14484
1862 11143
1863 13031
1864 14624
1865 15112
1866 15514
1867 18441
1868 11840
1869 14967
1870 17344
1871 17504
1872 15487
1873 21053
1874 12726
1875 15870
1876 17656
1877 15839
1878 57336
1879 22113
1880 24601
1881 11364
1882 11257
1883 13507
1884 12023
1885 10415
1886 12516
1887 53404
1888 11529
1889 14432
1890 20780
1891 16819
1892 39800
1893 15695
1894 25949
1895 28411
1896 20266
1897 16428
1898 13192
1899 13676
1900 13337
1901 25321
1902 8894
1903 13235
1904 14745
1905 27484
1906 8478
1907 19983
1908 15611
1909 15036
1910 44470
1911 14791
1912 10619
1913 9632
1914 15564
1915 9488
1916 21783
1917 14223
1918 20870
1919 17525
1920 13891
1921 10869
1922 17571
1923 15319
1924 24823
1925 10475
1926 13590
1927 8963
1928 15863
1929 10218
1930 35507
1931 9650
1932 8733
1933 16959
1934 88440
1935 76538
1936 13756
1937 12118
1938 33927
1939 16316
1940 9715
1941 13465
1942 12626
1943 21142
1944 10727
1945 15420
1946 14112
1947 12643
1948 20862
1949 10315
1950 19094
1951 14271
1952 14936
1953 16588
1954 10852
1955 11238
1956 12629
1957 14969
1958 29669
1959 15934
1960 18173
1961 11379
1962 20631
1963 12784
1964 17468
1965 18513
1966 33383
1967 10292
1968 15671
1969 10352
1970 12057
1971 19171
1972 25315
1973 13168
1974 13485
1975 85442
1976 22353
1977 88709
1978 22867
1979 2020
1980 2528
1981 1741
1982 35551
1983 13602
1984 12472
1985 17394
1986 14283
1987 8855
1988 16621
1989 20073
1990 15923
1991 14412
1992 14623
1993 144139
1994 22434
1995 14918
1996 10961
1997 12417
1998 16682
1999 18497
2000 9863
2001 13447
2002 17007
2003 20491
2004 25411
2005 12529
2006 21661
2007 17675
2008 17328
2009 12181
2010 41132
2011 19476
2012 25580
2013 21628
2014 18681
2015 170933
2016 10271
2017 13859
2018 19740
2019 15620
2020 15925
2021 12364
2022 13003
2023 15766
2024 11263
2025 10431
2026 11560
2027 14618
2028 23659
2029 87231
2030 18940
2031 19076
2032 16355
2033 12773
2034 15786
2035 10691
2036 16797
2037 21423
2038 16298
2039 20419
2040 15045
2041 11068
2042 14805
2043 14535
2044 13756
2045 16360
2046 93604
2047 14291
2048 18832
2049 40292
2050 19689
2051 19605
2052 8150
2053 13502
2054 17953
2055 16766
2056 18639
2057 15707
2058 12944
2059 13301
2060 15513
2061 21169
2062 11840
2063 27880
2064 23961
2065 26034
2066 16154
2067 91706
2068 9704
2069 13237
2070 17174
2071 20820
2072 23378
2073 18406
2074 12021
2075 13721
2076 11772
2077 13949
2078 20240
2079 11376
2080 12731
2081 15126
2082 18633
2083 14250
2084 90668
2085 15766
2086 42327
2087 17500
2088 20834
2089 21393
2090 18057
2091 11545
2092 15003
2093 18999
2094 16545
2095 15400
2096 13310
2097 16123
2098 14588
2099 22701
2100 10827
2101 32612
2102 12958
2103 12340
2104 15124
2105 20172
2106 17471
2107 25814
2108 43333
2109 9144
2110 16278
2111 15283
2112 72787
2113 7254
2114 12103
2115 8793
2116 47886
2117 18617
2118 42680
2119 31622
2120 19913
2121 16128
2122 23454
2123 18290
2124 9126
2125 15095
2126 8814
2127 14340
2128 11978
2129 26739
2130 16437
2131 15047
2132 12852
2133 44569
2134 83765
2135 26303
2136 11278
2137 28729
2138 15137
2139 14548
2140 13384
2141 13596
2142 12921
2143 7757
2144 42433
2145 14222
2146 11085
2147 11163
2148 12526
2149 22901
2150 17405
2151 26911
2152 9326
2153 14166
2154 20588
2155 13719
2156 18486
2157 17770
2158 20513
2159 9744
2160 11239
2161 12186
2162 50236
2163 106532
2164 13838
2165 19668
2166 23793
2167 23088
2168 20527
2169 24664
2170 20221
2171 28500
2172 12305
2173 31522
2174 17302
2175 11310
2176 43943
2177 26407
2178 13088
2179 41666
2180 10395
2181 16495
2182 16991
2183 33375
2184 14451
2185 19840
2186 79656
2187 9636
2188 12730
2189 23517
2190 22938
2191 26847
2192 8353
2193 14099
2194 24874
2195 18907
2196 35491
2197 11385
2198 18857
2199 15258
2200 18469
2201 39294
2202 15314
2203 12042
2204 11173
2205 16104
2206 21100
2207 17571
2208 9802
2209 9606
2210 12933
2211 16103
2212 31309
2213 28160
2214 21747
2215 14088
2216 22785
2217 11269
2218 10396
2219 15489
2220 13143
2221 14715
2222 18563
2223 36367
2224 11883
2225 12430
2226 85332
2227 14420
2228 11008
2229 13551
2230 53628
2231 10979
2232 17464
2233 17130
2234 27666
2235 14899
2236 26803
2237 11589
2238 11694
2239 15593
2240 24508
2241 17119
2242 12745
2243 20763
2244 19203
2245 38415
2246 39678
2247 17424
2248 17041
2249 12326
2250 18689
2251 14039
2252 25019
2253 12006
2254 19397
2255 16200
2256 47107
2257 22841
2258 24328
2259 10557
2260 10564
2261 10949
2262 10945
2263 15674
2264 17556
2265 12294
2266 10398
2267 45644
2268 15519
2269 9562
2270 15055
2271 33159
2272 14368
2273 15818
2274 25859
2275 20289
2276 14227
2277 9172
2278 26741
2279 11897
2280 12495
2281 32560
2282 17651
2283 11800
2284 17212
2285 10081
2286 9905
2287 13212
2288 30068
2289 30171
2290 20789
2291 9319
2292 17894
2293 22025
2294 14043
2295 106189
2296 9970
2297 10337
2298 24731
2299 9041
2300 18454
2301 11681
2302 23645
2303 10267
2304 36966
2305 20666
2306 16645
2307 10833
2308 10655
2309 13677
2310 12693
2311 22630
2312 9405
2313 10988
2314 8073
2315 8615
2316 7644
2317 13814
2318 11142
2319 14860
2320 15167
2321 18723
2322 32806
2323 9727
2324 15214
2325 62922
2326 14431
2327 14262
2328 17593
2329 12922
2330 13753
2331 15424
2332 17281
2333 32812
2334 17765
2335 24510
2336 15686
2337 20849
2338 23600
2339 26451
2340 13460
2341 10414
2342 13727
2343 21539
2344 38458
2345 16404
2346 13407
2347 10797
2348 10858
2349 10524
2350 9769
2351 12670
2352 9018
2353 10976
2354 9000
2355 30323
2356 14546
2357 21544
2358 13472
2359 27983
2360 34121
2361 25603
2362 12795
2363 15123
2364 14065
2365 11863
2366 11241
2367 14514
2368 23383
2369 15696
2370 29831
2371 13793
2372 11479
2373 14735
2374 21808
2375 11563
2376 34000
2377 23098
2378 20120
2379 17133
2380 12221
2381 14423
2382 41983
2383 19432
2384 11915
2385 9634
2386 14072
2387 29084
2388 20939
2389 11408
2390 20648
2391 13572
2392 26911
2393 16170
2394 11360
2395 18983
2396 9929
2397 10795
2398 17715
2399 13676
2400 16064
2401 21019
2402 11281
2403 12205
2404 14862
2405 13105
2406 24346
2407 10227
2408 9080
2409 11501
2410 16858
2411 16637
2412 14062
2413 31503
2414 15849
2415 73660
2416 11903
2417 29755
2418 25538
2419 8060
2420 14456
2421 10572
2422 12477
2423 15514
2424 19761
2425 12678
2426 25123
2427 20893
2428 23644
2429 22202
2430 25431
2431 10249
2432 14245
2433 33187
2434 15109
2435 12899
2436 19478
2437 99702
2438 24158
2439 10722
2440 21863
2441 15056
2442 13508
2443 20392
2444 13408
2445 18507
2446 20305
2447 13266
2448 27677
2449 13790
2450 11340
2451 24166
2452 12195
2453 12011
2454 16594
2455 33545
2456 40978
2457 13451
2458 12406
2459 13153
2460 14951
2461 26385
2462 12761
2463 15175
2464 9152
2465 13192
2466 18133
2467 15303
2468 10520
2469 9879
2470 8528
2471 13214
2472 12011
2473 9616
2474 11465
2475 11962
2476 11041
2477 10806
2478 13087
2479 10694
2480 96083
2481 8719
2482 8548
2483 7802
2484 10518
2485 10435
2486 13192
2487 19977
2488 15054
2489 10881
2490 7943
2491 11024
2492 46302
2493 14165
2494 40478
2495 221502
2496 164341
2497 11519
2498 10278
2499 75930
2500 7468
2501 111648
2502 8495
2503 10637
2504 8571
2505 13553
2506 9738
2507 27198
2508 13156
2509 8941
2510 9197
2511 8510
2512 18768
2513 12629
2514 146149
2515 8751
2516 12560
2517 15459
2518 11233
2519 32787
2520 9581
2521 13181
2522 9674
2523 13087
2524 12544
2525 9247
2526 11321
2527 12508
2528 15261
2529 22489
2530 12178
2531 11912
2532 100643
2533 10142
2534 11859
2535 9482
2536 36647
2537 12437
2538 12072
2539 14591
2540 12625
2541 140083
2542 13544
2543 10806
2544 10692
2545 24530
2546 12097
2547 12354
2548 91093
2549 11867
2550 20404
2551 9435
2552 9607
2553 21260
2554 11821
2555 17352
2556 11350
2557 12674
2558 13331
2559 12219
2560 19908
2561 17261
2562 12892
2563 18448
2564 31922
2565 28093
2566 11571
2567 15996
2568 79637
2569 12848
2570 14451
2571 21547
2572 12555
2573 13051
2574 10678
2575 11568
2576 13393
2577 21973
2578 13123
2579 14064
2580 18192
2581 18991
2582 13609
2583 15972
2584 14465
2585 17800
2586 53034
2587 10583
2588 14275
2589 9324
2590 16951
2591 11262
2592 18068
2593 18190
2594 16268
2595 14001
2596 14678
2597 12851
2598 14887
2599 11155
2600 9923
2601 15957
2602 18458
2603 11817
2604 10259
2605 16713
2606 30728
2607 10661
2608 19685
2609 30631
2610 21868
2611 18543
2612 14565
2613 11146
2614 19836
2615 9700
2616 12945
2617 13872
2618 18321
2619 14715
2620 32094
2621 12912
2622 10621
2623 17157
2624 21504
2625 11178
2626 15322
2627 9401
2628 11848
2629 85399
2630 14494
2631 10935
2632 10749
2633 15829
2634 13098
2635 10364
2636 15006
2637 15606
2638 15564
2639 15630
2640 16489
2641 15461
2642 12198
2643 23042
2644 10995
2645 10554
2646 16029
2647 14291
2648 11714
2649 25004
2650 11579
2651 31671
2652 23122
2653 16258
2654 17492
2655 12919
2656 12188
2657 12123
2658 11358
2659 16061
2660 17630
2661 13004
2662 10516
2663 16406
2664 28769
2665 16005
2666 11319
2667 18019
2668 17802
2669 71309
2670 13407
2671 15626
2672 12158
2673 15001
2674 16378
2675 15796
2676 11782
2677 32816
2678 35295
2679 50080
2680 10374
2681 16766
2682 26659
2683 17235
2684 7550
2685 33707
2686 46478
2687 29427
2688 24618
2689 13445
2690 15887
2691 36437
2692 18980
2693 21813
2694 10005
2695 31133
2696 28838
2697 18806
2698 13160
2699 15161
2700 14569
2701 10553
2702 10653
2703 9280
2704 13384
2705 15417
2706 16904
2707 17580
2708 8314
2709 12873
2710 11078
2711 22443
2712 10349
2713 7850
2714 8972
2715 12705
2716 11708
2717 10538
2718 11135
2719 11103
2720 20816
2721 10862
2722 13610
2723 15427
2724 19428
2725 10081
2726 47183
2727 17933
2728 47938
2729 47100
2730 132299
2731 11801
2732 10730
2733 20008
2734 13653
2735 15461
2736 11461
2737 18636
2738 15366
2739 16146
2740 12636
2741 13114
2742 9469
2743 12603
2744 9546
2745 10201
2746 11881
2747 11527
2748 21575
2749 16564
2750 13822
2751 13104
2752 11821
2753 11517
2754 13895
2755 34150
2756 14782
2757 14461
2758 10384
2759 52122
2760 9675
2761 16731
2762 19891
2763 19054
2764 15256
2765 22131
2766 20451
2767 32177
2768 10433
2769 13023
2770 33175
2771 11218
2772 10818
2773 13419
2774 15710
2775 10833
2776 39604
2777 21881
2778 28835
2779 15855
2780 15662
2781 14937
2782 31029
2783 93727
2784 63154
2785 8619
2786 7786
2787 10095
2788 41778
2789 6474
2790 33944
2791 27659
2792 8443
2793 26403
2794 9419
2795 8385
2796 7038
2797 29479
2798 13405
2799 8192
2800 59274
2801 9432
2802 10955
2803 16088
2804 159286
2805 9226
2806 12842
2807 13811
2808 17868
2809 24433
2810 53896
2811 11665
2812 6759
2813 7726
2814 13862
2815 12539
2816 10105
2817 22943
2818 22462
2819 11904
2820 9134
2821 9622
2822 16642
2823 8912
2824 9217
2825 23462
2826 15344
2827 13637
2828 9424
2829 17754
2830 10325
2831 14055
2832 105928
2833 10447
2834 17373
2835 10655
2836 18539
2837 21171
2838 51699
2839 11503
2840 17530
2841 49208
2842 9868
2843 59163
2844 7499
2845 9908
2846 9640
2847 15391
2848 10997
2849 57075
2850 33557
2851 40813
2852 23865
2853 15088
2854 10412
2855 27229
2856 8128
2857 12155
2858 8844
2859 18486
2860 18348
2861 10793
2862 8470
2863 44323
2864 13330
2865 12178
2866 38235
2867 16566
2868 14224
2869 11216
2870 12192
2871 19536
2872 14898
2873 13782
2874 16390
2875 79864
2876 13160
2877 18058
2878 36493
2879 10187
2880 36434
2881 13700
2882 48497
2883 27605
2884 18756
2885 11778
2886 11368
2887 13552
2888 11973
2889 37208
2890 14171
2891 11626
2892 13399
2893 18088
2894 9914
2895 10358
2896 24604
2897 17715
2898 9211
2899 21996
2900 17249
2901 16096
2902 15823
2903 31955
2904 38967
2905 28651
2906 17290
2907 15054
2908 23711
2909 113391
2910 14812
2911 12662
2912 17312
2913 11851
2914 48061
2915 11188
2916 13654
2917 13570
2918 22305
2919 11297
2920 10823
2921 14120
2922 21536
2923 10354
2924 14586
2925 12187
2926 17842
2927 13520
2928 15224
2929 11601
2930 24885
2931 20045
2932 13588
2933 13234
2934 11118
2935 10817
2936 11106
2937 12228
2938 9336
2939 8004
2940 11652
2941 10489
2942 10665
2943 23731
2944 11802
2945 7477
2946 19842
2947 15290
2948 9622
2949 18524
2950 16200
2951 10280
2952 13911
2953 10391
2954 8812
2955 15433
2956 20477
2957 8816
2958 19540
2959 16925
2960 24496
2961 13963
2962 8305
2963 7829
2964 13503
2965 11454
2966 11480
2967 9145
2968 11060
2969 9399
2970 14130
2971 14585
2972 11918
2973 15835
2974 12260
2975 15976
2976 11227
2977 12174
2978 15145
2979 13250
2980 12990
2981 10500
2982 18973
2983 25235
2984 15659
2985 13830
2986 14583
2987 15800
2988 8045
2989 13745
2990 39709
2991 53984
2992 10383
2993 10540
2994 13194
2995 12986
2996 23845
2997 17828
2998 12304
2999 42083
3000 8444
3001 10205
3002 15826
3003 13366
3004 15513
3005 12825
3006 20352
3007 19946
3008 7917
3009 12168
3010 10465
3011 9073
3012 10888
3013 14391
3014 8707
3015 9093
3016 14631
3017 31152
3018 29920
3019 16007
3020 18755
3021 12232
3022 13630
3023 9977
3024 75321
3025 15033
3026 15440
3027 30547
3028 13414
3029 19247
3030 7341
3031 10772
3032 7930
3033 11615
3034 29868
3035 12193
3036 13160
3037 16832
3038 9077
3039 11115
3040 31757
3041 23693
3042 51259
3043 9210
3044 19565
3045 12082
3046 68213
3047 27006
3048 37280
3049 20523
3050 15344
3051 13038
3052 45973
3053 21922
3054 24952
3055 9537
3056 9781
3057 16091
3058 42858
3059 13090
3060 17646
3061 17635
3062 34713
3063 9473
3064 10908
3065 10004
3066 7197
3067 17758
3068 13167
3069 12109
3070 10485
3071 9192
3072 8822
3073 10068
3074 10285
3075 11314
3076 15852
3077 51165
3078 19311
3079 8834
3080 14491
3081 12015
3082 13413
3083 23011
3084 10987
3085 48936
3086 10319
3087 23881
3088 10227
3089 58216
3090 23854
3091 18347
3092 17943
3093 29682
3094 11282
3095 16531
3096 17534
3097 27043
3098 20156
3099 48530
3100 11082
3101 13822
3102 16251
3103 21881
3104 30454
3105 12522
3106 36532
3107 9764
3108 13930
3109 20705
3110 11829
3111 34066
3112 11344
3113 22519
3114 12298
3115 9846
3116 10370
3117 13108
3118 23476
3119 18515
3120 11552
3121 13568
3122 10598
3123 38251
3124 14466
3125 22474
3126 17344
3127 9524
3128 9725
3129 27171
3130 18747
3131 56921
3132 18427
3133 15925
3134 17002
3135 22509
3136 51956
3137 52278
3138 12700
3139 16344
3140 12172
3141 13473
3142 21646
3143 11422
3144 18609
3145 26179
3146 38981
3147 17837
3148 11104
3149 12005
3150 10520
3151 17882
3152 14380
3153 10400
3154 16495
3155 9341
3156 84504
3157 15561
3158 11104
3159 21099
3160 55965
3161 12896
3162 10602
3163 15548
3164 19235
3165 12821
3166 11461
3167 71994
3168 24374
3169 28363
3170 53800
3171 21336
3172 27695
3173 26709
3174 9678
3175 15116
3176 10539
3177 9145
3178 7864
3179 8435
3180 8849
3181 8664
3182 9596
3183 8674
3184 20079
3185 26730
3186 17249
3187 37910
3188 18870
3189 11137
3190 10006
3191 10182
3192 14885
3193 12245
3194 12671
3195 20413
3196 17346
3197 14428
3198 22610
3199 12471
3200 10373
3201 11328
3202 8924
3203 9268
3204 15304
3205 11195
3206 18298
3207 9727
3208 16039
3209 11252
3210 18390
3211 13817
3212 16258
3213 18867
3214 18234
3215 30880
3216 16413
3217 23707
3218 13963
3219 16494
3220 10723
3221 19999
3222 11675
3223 11446
3224 12129
3225 26128
3226 21812
3227 12785
3228 11184
3229 25079
3230 10519
3231 10772
3232 8714
3233 9643
3234 13125
3235 14099
3236 7661
3237 7148
3238 30507
3239 14982
3240 17930
3241 9729
3242 13907
3243 9876
3244 11083
3245 28505
3246 16687
3247 35971
3248 12486
3249 9106
3250 8251
3251 14481
3252 15388
3253 16408
3254 7318
3255 10978
3256 9335
3257 8036
3258 21474
3259 10256
3260 21549
3261 13145
3262 10472
3263 19015
3264 15328
3265 12364
3266 8939
3267 14287
3268 9704
3269 18161
3270 32626
3271 13449
3272 14090
3273 8751
3274 11105
3275 14469
3276 23019
3277 13081
3278 30222
3279 23776
3280 14898
3281 16632
3282 12611
3283 9802
3284 34310
3285 17296
3286 10112
3287 7681
3288 20820
3289 7775
3290 14832
3291 19011
3292 10350
3293 9304
3294 18649
3295 37782
3296 18524
3297 10188
3298 10615
3299 9471
3300 14678
3301 7845
3302 18406
3303 15896
3304 11075
3305 9322
3306 14423
3307 17929
3308 13442
3309 11656
3310 16147
3311 10119
3312 11796
3313 16175
3314 11909
3315 11294
3316 14092
3317 22885
3318 11559
3319 10400
3320 13338
3321 23049
3322 13029
3323 19498
3324 13394
3325 35800
3326 14448
3327 16203
3328 14190
3329 14637
3330 30367
3331 13752
3332 15471
3333 11901
3334 29966
3335 11036
3336 11597
3337 20428
3338 13633
3339 11796
3340 65723
3341 18564
3342 11366
3343 10563
3344 25191
3345 12588
3346 15926
3347 12788
3348 19097
3349 25661
3350 34264
3351 37114
3352 10824
3353 11983
3354 12520
3355 9521
3356 10672
3357 13657
3358 16673
3359 10843
3360 14088
3361 10372
3362 14791
3363 16230
3364 19770
3365 9980
3366 15954
3367 21519
3368 103386
3369 10046
3370 10882
3371 9075
3372 10786
3373 9693
3374 17649
3375 12916
3376 20736
3377 9383
3378 13646
3379 12433
3380 20890
3381 13683
3382 10020
3383 20971
3384 20552
3385 13998
3386 25791
3387 10571
3388 20124
3389 36150
3390 12176
3391 28913
3392 37881
3393 43608
3394 15563
3395 9137
3396 11071
3397 16853
3398 16588
3399 13072
3400 7434
3401 12771
3402 12593
3403 10201
3404 10140
3405 9047
3406 16880
3407 8177
3408 10391
3409 10364
3410 16437
3411 21814
3412 21497
3413 13625
3414 78841
3415 10233
3416 9986
3417 8564
3418 97780
3419 25276
3420 32033
3421 12196
3422 12819
3423 8403
3424 10693
3425 20170
3426 11733
3427 14784
3428 20490
3429 33420
3430 11292
3431 12739
3432 10256
3433 12398
3434 16944
3435 11455
3436 20503
3437 14160
3438 13137
3439 10399
3440 35550
3441 16095
3442 17512
3443 18257
3444 12776
3445 20331
3446 18171
3447 19661
3448 12747
3449 10940
3450 8467
3451 13454
3452 9219
3453 11949
3454 11239
3455 12422
3456 17180
3457 48674
3458 22738
3459 15116
3460 17854
3461 12260
3462 12205
3463 14330
3464 17730
3465 16903
3466 18901
3467 16816
3468 12823
3469 17590
3470 15411
3471 10091
3472 20866
3473 18833
3474 13407
3475 10644
3476 11205
3477 10698
3478 8644
3479 8107
3480 10095
3481 9563
3482 8546
3483 11421
3484 10434
3485 12558
3486 11159
3487 8427
3488 15412
3489 29283
3490 15823
3491 27209
3492 10441
3493 14454
3494 11929
3495 16541
3496 15168
3497 9142
3498 12328
3499 8805
3500 9358
3501 11352
3502 12917
3503 18792
3504 17928
3505 17489
3506 11496
3507 20099
3508 19020
3509 17789
3510 11099
3511 30264
3512 10944
3513 13235
3514 17749
3515 15189
3516 17696
3517 20740
3518 14748
3519 24801
3520 15396
3521 16809
3522 15998
3523 14392
3524 13271
3525 11918
3526 14127
3527 14051
3528 13980
3529 17692
3530 16334
3531 13375
3532 9757
3533 21712
3534 41990
3535 23112
3536 15556
3537 27528
3538 14117
3539 18753
3540 10102
3541 14309
3542 20138
3543 14635
3544 15345
3545 20441
3546 17915
3547 54926
3548 40408
3549 48849
3550 23640
3551 10462
3552 10344
3553 44621
3554 14227
3555 10309
3556 15939
3557 35328
3558 26002
3559 14368
3560 11754
3561 12440
3562 12256
3563 11474
3564 18299
3565 10165
3566 16501
3567 22406
3568 24940
3569 33360
3570 11870
3571 15270
3572 16383
3573 9622
3574 15640
3575 12898
3576 16545
3577 38506
3578 12924
3579 13182
3580 13430
3581 12644
3582 15331
3583 21228
3584 10539
3585 11518
3586 12442
3587 20948
3588 18454
3589 29000
3590 10239
3591 10427
3592 39564
3593 14385
3594 15931
3595 10643
3596 40286
3597 17604
3598 10722
3599 15807
3600 10785
3601 10313
3602 15667
3603 15896
3604 12570
3605 23453
3606 11506
3607 18281
3608 22552
3609 9921
3610 13691
3611 11935
3612 15882
3613 19034
3614 40516
3615 25879
3616 13647
3617 15349
3618 13883
3619 16938
3620 18678
3621 10117
3622 24406
3623 11675
3624 11443
3625 17708
3626 13145
3627 20186
3628 17422
3629 13483
3630 21661
3631 12728
3632 19283
3633 66909
3634 13744
3635 7464
3636 15906
3637 18399
3638 10809
3639 11033
3640 11695
3641 10808
3642 83836
3643 10464
3644 10648
3645 9636
3646 18489
3647 8270
3648 19505
3649 8757
3650 31307
3651 21212
3652 12549
3653 12914
3654 10941
3655 14694
3656 14221
3657 27683
3658 15751
3659 82461
3660 16072
3661 10509
3662 11664
3663 13617
3664 63758
3665 11772
3666 16585
3667 16518
3668 19884
3669 18812
3670 13956
3671 23590
3672 11168
3673 20399
3674 12969
3675 15023
3676 19697
3677 19067
3678 9865
3679 18750
3680 24466
3681 135368
3682 12568
3683 17661
3684 14082
3685 41180
3686 19617
3687 14611
3688 19735
3689 15395
3690 15578
3691 8585
3692 9163
3693 16648
3694 13868
3695 9442
3696 7839
3697 10344
3698 39969
3699 12243
3700 14418
3701 13625
3702 20909
3703 16182
3704 19534
3705 10592
3706 10176
3707 12335
3708 9959
3709 13128
3710 26213
3711 111698
3712 15438
3713 19590
3714 50568
3715 14916
3716 14178
3717 27479
3718 20128
3719 37545
3720 16203
3721 14904
3722 22124
3723 12785
3724 14343
3725 105333
3726 20225
3727 15026
3728 60133
3729 21341
3730 14284
3731 18768
3732 21981
3733 24940
3734 14960
3735 11449
3736 15261
3737 19221
3738 15587
3739 9448
3740 21121
3741 23008
3742 87572
3743 13210
3744 10688
3745 22740
3746 14123
3747 10591
3748 14494
3749 18224
3750 11413
3751 14077
3752 20497
3753 9631
3754 14314
3755 21857
3756 19962
3757 12554
3758 13836
3759 22143
3760 13617
3761 13359
3762 18663
3763 49156
3764 11483
3765 23670
3766 26092
3767 9677
3768 9344
3769 18306
3770 10059
3771 9259
3772 11565
3773 46451
3774 90543
3775 12456
3776 10253
3777 9224
3778 16718
3779 15209
3780 11715
3781 14802
3782 17837
3783 14022
3784 11713
3785 29683
3786 11516
3787 11989
3788 27643
3789 10123
3790 13965
3791 16063
3792 17122
3793 10478
3794 10594
3795 12150
3796 13300
3797 23513
3798 10697
3799 14484
3800 12434
3801 9285
3802 38685
3803 60930
3804 10836
3805 17831
3806 15881
3807 15273
3808 11232
3809 14588
3810 14651
3811 16002
3812 14133
3813 11231
3814 15090
3815 13231
3816 9215
3817 15956
3818 11943
3819 11594
3820 13245
3821 10340
3822 16499
3823 20741
3824 10705
3825 16524
3826 18917
3827 12246
3828 97090
3829 12850
3830 11917
3831 16022
3832 19846
3833 21182
3834 16502
3835 13631
3836 8209
3837 91407
3838 9462
3839 13531
3840 12452
3841 15194
3842 11591
3843 16021
3844 10216
3845 11983
3846 10588
3847 14560
3848 18268
3849 9152
3850 14993
3851 9731
3852 18340
3853 10464
3854 11646
3855 12368
3856 12636
3857 12823
3858 17252
3859 20028
3860 12474
3861 10980
3862 14041
3863 13438
3864 63508
3865 125036
3866 59744
3867 48458
3868 347577
3869 317164
3870 172147
3871 63518
3872 14310
3873 26128
3874 1281004
3875 2251546
3876 1547300
3877 359092
3878 223010
3879 339754
3880 252342
3881 464767
3882 364328
3883 2527513
3884 2365266
3885 1012224
86846473
